2 0.764022 0.082133 0.054825 0.058252
1 0.931067 0.491609 0.066818 0.071958
2 0.878812 0.271450 0.061678 0.056539
0 0.853971 0.502744 0.066818 0.080525
2 0.778583 0.292009 0.059965 0.056539
2 0.976242 0.418795 0.047516 0.066818
1 0.929354 0.054718 0.059965 0.061678
2 0.941347 0.149808 0.063392 0.049685
0 0.813707 0.230332 0.061678 0.066818
0 0.895944 0.339981 0.065105 0.070245
2 0.662938 0.184929 0.058252 0.068532
0 0.722046 0.239754 0.063392 0.058252
2 0.805140 0.148094 0.065105 0.066818
0 0.838550 0.067569 0.063392 0.059965
2 0.749458 0.408515 0.056539 0.066818
1 0.722047 0.035017 0.073672 0.066818
0 0.676645 0.111257 0.065105 0.068532
2 0.835693 0.015828 0.062251 0.028440
1 0.740034 0.178075 0.065105 0.058252
0 0.910508 0.412797 0.063392 0.061678
1 0.983094 0.088984 0.033811 0.065105
2 0.711766 0.333130 0.063392 0.063392
0 0.896802 0.114683 0.056539 0.058252
1 0.971959 0.323706 0.056082 0.068532
2 0.808568 0.350262 0.065105 0.059965
2 0.848830 0.417936 0.059965 0.058252
1 0.897659 0.202062 0.075385 0.061678
0 0.964477 0.238899 0.065105 0.063392
