1 0.765735 0.360541 0.061678 0.049685
1 0.705770 0.329703 0.065105 0.056539
2 0.750315 0.708341 0.061678 0.066818
1 0.971102 0.177220 0.057796 0.066818
1 0.809424 0.526731 0.049685 0.059965
2 0.566993 0.843689 0.061678 0.059965
2 0.817133 0.626959 0.068532 0.054825
0 0.433356 0.668078 0.071958 0.068532
0 0.869389 0.398234 0.070245 0.059965
1 0.915648 0.679214 0.056539 0.056539
1 0.497605 0.397378 0.070245 0.065105
1 0.875385 0.848829 0.058252 0.066818
0 0.840263 0.694634 0.066818 0.066818
1 0.931068 0.530156 0.063392 0.059965
2 0.955909 0.363112 0.061678 0.065105
0 0.856539 0.232901 0.061678 0.061678
2 0.650945 0.687780 0.061678 0.053112
1 0.966189 0.611540 0.058252 0.058252
2 0.895944 0.589266 0.065105 0.061678
0 0.909651 0.465909 0.068532 0.065105
1 0.501887 0.597832 0.065105 0.061678
2 0.586696 0.615821 0.059965 0.063392
2 0.692064 0.764878 0.061678 0.063392
2 0.608111 0.543007 0.071958 0.054825
0 0.655227 0.827414 0.056539 0.061678
1 0.679214 0.537011 0.056539 0.063392
2 0.707482 0.853969 0.058252 0.063392
0 0.776016 0.423076 0.058252 0.051399
0 0.478758 0.518165 0.059965 0.063392
1 0.958481 0.847116 0.053112 0.066818
1 0.913077 0.771731 0.054825 0.059965
0 0.616678 0.473619 0.065105 0.059965
0 0.842832 0.770874 0.065105 0.061678
0 0.843688 0.095838 0.066818 0.071958
0 0.865105 0.327988 0.065105 0.066818
1 0.668078 0.390525 0.068532 0.054825
0 0.780297 0.280874 0.059965 0.061678
2 0.746033 0.504458 0.059965 0.063392
1 0.533584 0.704913 0.073672 0.066818
0 0.752028 0.590122 0.061678 0.070245
