2 0.164370 0.405945 0.065105 0.061678
1 0.065856 0.829127 0.070245 0.065105
1 0.224334 0.250034 0.068532 0.071958
1 0.261170 0.190070 0.073672 0.068532
2 0.265453 0.710909 0.068532 0.061678
1 0.425647 0.274019 0.063392 0.065105
0 0.393951 0.337412 0.061678 0.058252
1 0.471905 0.546434 0.066818 0.061678
1 0.399946 0.423076 0.066818 0.068532
1 0.238899 0.397376 0.059965 0.061678
2 0.151521 0.645804 0.070245 0.061678
0 0.086415 0.501031 0.070245 0.077098
1 0.501887 0.391380 0.061678 0.066818
0 0.175506 0.331415 0.066818 0.070245
0 0.031643 0.908794 0.063286 0.070245
0 0.485612 0.157517 0.066818 0.068532
0 0.315139 0.886521 0.075385 0.063392
2 0.515594 0.225191 0.065105 0.066818
1 0.531014 0.480471 0.051399 0.059965
0 0.701486 0.398234 0.066818 0.059965
0 0.659512 0.464196 0.071958 0.061678
2 0.635524 0.614109 0.061678 0.066818
1 0.587553 0.425647 0.058252 0.063392
2 0.632955 0.196065 0.066818 0.070245
2 0.626958 0.369107 0.058252 0.066818
2 0.307429 0.573846 0.063392 0.058252
2 0.304003 0.368251 0.056539 0.058252
0 0.311712 0.450488 0.058252 0.065105
2 0.253462 0.626958 0.068532 0.061678
2 0.483042 0.638094 0.061678 0.063392
2 0.280872 0.514738 0.058252 0.059965
1 0.731469 0.489039 0.061678 0.066818
2 0.559284 0.644949 0.063392 0.066818
1 0.282588 0.315995 0.065105 0.063392
0 0.223479 0.460768 0.070245 0.065105
1 0.039300 0.607255 0.061678 0.066818
1 0.502744 0.310000 0.066818 0.065105
1 0.718620 0.309999 0.066818 0.071958
0 0.404230 0.632099 0.068532 0.061678
1 0.578129 0.279161 0.066818 0.061678
2 0.214055 0.552429 0.065105 0.059965
1 0.516451 0.710909 0.063392 0.065105
1 0.564422 0.575560 0.066818 0.058252
0 0.821416 0.404231 0.059965 0.061678
2 0.462482 0.456487 0.061678 0.059965
0 0.339125 0.142096 0.065105 0.068532
0 0.039300 0.380244 0.061678 0.068532
1 0.650088 0.298007 0.059965 0.061678
2 0.375960 0.489894 0.059965 0.058252
0 0.355401 0.722902 0.056539 0.065105
0 0.602114 0.516451 0.059965 0.063392
1 0.431644 0.710052 0.054825 0.066818
0 0.393951 0.560139 0.065105 0.054825
0 0.338269 0.286013 0.056539 0.061678
0 0.848830 0.217481 0.063392 0.071958
0 0.419651 0.185787 0.068532 0.059965
