2 0.949057 0.954197 0.058252 0.068532
0 0.302289 0.864250 0.059965 0.066818
1 0.943917 0.787151 0.054825 0.063392
2 0.944773 0.526731 0.077098 0.066818
2 0.460768 0.807711 0.065105 0.063392
0 0.881383 0.738322 0.063392 0.054825
0 0.650088 0.475332 0.063392 0.063392
0 0.726330 0.430786 0.061678 0.066818
0 0.720332 0.968760 0.066818 0.059965
0 0.712623 0.895945 0.065105 0.061678
1 0.402518 0.899371 0.075385 0.065105
1 0.534440 0.586696 0.065105 0.059965
0 0.715192 0.291153 0.073672 0.068532
1 0.787150 0.880525 0.056539 0.068532
2 0.568706 0.957623 0.065105 0.061678
1 0.575559 0.528445 0.065105 0.059965
0 0.781155 0.662937 0.054825 0.054825
0 0.489894 0.669790 0.061678 0.068532
0 0.625244 0.782011 0.061678 0.059965
2 0.881383 0.883096 0.059965 0.063392
1 0.638095 0.557570 0.056539 0.059965
1 0.854827 0.375105 0.071958 0.068532
0 0.351118 0.716907 0.065105 0.063392
2 0.482186 0.740035 0.070245 0.061678
1 0.794004 0.968760 0.063392 0.056539
2 0.832554 0.559283 0.071958 0.073672
1 0.806855 0.719476 0.078811 0.054825
0 0.652658 0.624389 0.061678 0.066818
1 0.555857 0.734895 0.056539 0.054825
2 0.942204 0.697203 0.065105 0.058252
1 0.890806 0.612396 0.061678 0.059965
2 0.692921 0.823986 0.059965 0.061678
2 0.620963 0.703200 0.059965 0.059965
1 0.373392 0.794004 0.065105 0.063392
1 0.367394 0.593548 0.066818 0.063392
2 0.527588 0.886521 0.065105 0.063392
1 0.846261 0.812850 0.051399 0.063392
2 0.626103 0.904511 0.066818 0.054825
2 0.771731 0.788863 0.059965 0.059965
0 0.744319 0.596119 0.066818 0.058252
0 0.736610 0.523304 0.061678 0.063392
2 0.873671 0.973042 0.061678 0.051399
1 0.684354 0.722903 0.063392 0.061678
