1 0.843689 0.204632 0.059965 0.063392
2 0.937063 0.028216 0.061678 0.056433
0 0.818846 0.269738 0.054825 0.063392
2 0.766592 0.213198 0.063392 0.059965
2 0.867677 0.113828 0.053112 0.063392
2 0.947344 0.452202 0.058252 0.068532
2 0.816278 0.357114 0.056539 0.066818
1 0.867676 0.014543 0.063392 0.029087
2 0.906225 0.173792 0.058252 0.066818
0 0.776872 0.145524 0.059965 0.065105
2 0.856540 0.434214 0.058252 0.059965
2 0.882239 0.319423 0.065105 0.063392
0 0.027307 0.414511 0.051399 0.061678
2 0.911366 0.380245 0.058252 0.054825
1 0.983094 0.226904 0.033811 0.070245
0 0.955910 0.531015 0.058252 0.068532
0 0.983951 0.144667 0.032097 0.063392
0 0.937921 0.093267 0.056539 0.056539
1 0.826556 0.059859 0.066818 0.061678
0 0.914790 0.256032 0.061678 0.053112
0 0.015314 0.599545 0.027413 0.068532
