2 0.712623 0.200349 0.061678 0.054825
2 0.679214 0.344265 0.056539 0.054825
0 0.551572 0.162656 0.061678 0.061678
1 0.570419 0.104403 0.054825 0.058252
2 0.960194 0.066712 0.056539 0.054825
2 0.632956 0.073565 0.063392 0.054825
2 0.613253 0.220051 0.061678 0.056539
1 0.831696 0.026449 0.059965 0.046259
2 0.888236 0.351974 0.056539 0.056539
1 0.895088 0.280017 0.056539 0.046259
1 0.760595 0.417936 0.054825 0.061678
0 0.646661 0.155804 0.059965 0.065105
2 0.770874 0.074422 0.061678 0.053112
0 0.508742 0.039300 0.065105 0.058252
0 0.723759 0.039300 0.046259 0.054825
1 0.860822 0.183216 0.056539 0.061678
1 0.919932 0.130960 0.054825 0.063392
2 0.967903 0.321993 0.054825 0.065105
1 0.978183 0.020453 0.037692 0.027413
0 0.736608 0.338268 0.058252 0.063392
2 0.543006 0.258602 0.061678 0.058252
1 0.802570 0.245752 0.059965 0.056539
0 0.934494 0.219196 0.053112 0.061678
0 0.891661 0.058145 0.053112 0.061678
0 0.796573 0.168652 0.054825 0.059965
2 0.638951 0.280874 0.061678 0.065105
0 0.687780 0.429073 0.056539 0.077098
1 0.855684 0.419651 0.070245 0.071958
2 0.816278 0.346835 0.056539 0.059965
1 0.731469 0.130103 0.061678 0.065105
2 0.584982 0.333128 0.063392 0.056539
0 0.728042 0.268025 0.058252 0.056539
0 0.979668 0.169509 0.040663 0.058252
1 0.834267 0.100122 0.054825 0.056539
2 0.596976 0.020507 0.053112 0.041013
2 0.493323 0.112115 0.071958 0.056539
