0 0.419650 0.238898 0.058252 0.070245
2 0.059003 0.286871 0.056539 0.056539
0 0.454774 0.053006 0.077098 0.068532
1 0.068424 0.379388 0.068532 0.059965
2 0.118968 0.064142 0.056539 0.053112
1 0.102691 0.142953 0.068532 0.066818
1 0.190925 0.262883 0.059965 0.063392
1 0.176363 0.116398 0.061678 0.065105
1 0.033302 0.543006 0.056539 0.065105
0 0.298862 0.238899 0.070245 0.063392
1 0.129247 0.312569 0.059965 0.056539
1 0.315140 0.143811 0.051399 0.058252
2 0.232044 0.033302 0.059965 0.056539
1 0.116396 0.543006 0.061678 0.065105
0 0.016223 0.467621 0.032446 0.058252
1 0.013653 0.256030 0.027306 0.066818
1 0.334842 0.319423 0.077098 0.059965
1 0.028216 0.107830 0.056433 0.061678
0 0.207203 0.352832 0.061678 0.065105
1 0.103548 0.227762 0.066818 0.061678
0 0.023933 0.030786 0.047866 0.061573
2 0.232901 0.199491 0.061678 0.059965
2 0.239754 0.450488 0.054825 0.065105
0 0.255174 0.297150 0.058252 0.063392
1 0.253460 0.130104 0.061678 0.061678
2 0.166084 0.479615 0.058252 0.058252
1 0.160088 0.414511 0.066818 0.061678
2 0.084701 0.474475 0.056539 0.047972
