0 0.931924 0.333128 0.068532 0.056539
0 0.880526 0.281730 0.061678 0.056539
0 0.898514 0.719477 0.070245 0.068532
1 0.806854 0.188356 0.065105 0.068532
1 0.970245 0.269738 0.059509 0.059965
2 0.876242 0.214912 0.059965 0.059965
0 0.764877 0.455630 0.073672 0.061678
2 0.709197 0.406800 0.068532 0.059965
0 0.952484 0.626101 0.061678 0.063392
2 0.824842 0.507028 0.070245 0.047972
2 0.813707 0.299721 0.061678 0.058252
1 0.768305 0.248322 0.073672 0.058252
2 0.889093 0.638096 0.058252 0.070245
1 0.972815 0.705770 0.054371 0.068532
1 0.943918 0.417081 0.065105 0.063392
2 0.848829 0.566994 0.066818 0.054825
0 0.881382 0.139527 0.070245 0.059965
2 0.854826 0.365681 0.061678 0.059965
0 0.940491 0.556713 0.061678 0.065105
2 0.794861 0.621819 0.061678 0.065105
0 0.856540 0.445349 0.054825 0.054825
0 0.964477 0.182359 0.065105 0.063392
0 0.722046 0.333129 0.063392 0.073672
2 0.755455 0.543863 0.065105 0.066818
2 0.923357 0.487324 0.054825 0.053112
1 0.788009 0.391381 0.061678 0.059965
