0 0.889091 0.782012 0.068532 0.070245
0 0.747745 0.562711 0.070245 0.066818
2 0.961908 0.979896 0.056539 0.037692
0 0.739179 0.467623 0.070245 0.065105
0 0.752028 0.637237 0.068532 0.065105
0 0.725472 0.333986 0.077098 0.071958
0 0.716050 0.941347 0.068532 0.063392
2 0.893376 0.930211 0.066818 0.065105
1 0.902799 0.657797 0.065105 0.058252
1 0.950771 0.830841 0.058252 0.065105
1 0.856539 0.853969 0.061678 0.063392
1 0.586695 0.570421 0.066818 0.061678
1 0.865105 0.416224 0.065105 0.065105
0 0.360542 0.758025 0.077098 0.070245
2 0.633812 0.949914 0.065105 0.056539
2 0.470191 0.853112 0.063392 0.058252
0 0.657797 0.664651 0.061678 0.065105
0 0.635525 0.826557 0.075385 0.063392
2 0.956766 0.571276 0.063392 0.070245
2 0.785437 0.829125 0.066818 0.058252
1 0.566993 0.776871 0.061678 0.070245
2 0.485612 0.782867 0.063392 0.065105
0 0.790578 0.704057 0.070245 0.065105
2 0.840263 0.606400 0.070245 0.071958
2 0.626957 0.742605 0.065105 0.066818
2 0.703200 0.866819 0.059965 0.061678
1 0.413654 0.943917 0.063392 0.068532
0 0.314284 0.906224 0.066818 0.061678
1 0.377675 0.636381 0.070245 0.063392
2 0.536154 0.930211 0.058252 0.061678
1 0.795718 0.922502 0.059965 0.059965
0 0.501889 0.707482 0.071958 0.061678
1 0.694632 0.768305 0.056539 0.070245
0 0.662080 0.516451 0.073672 0.063392
1 0.650088 0.600393 0.059965 0.056556
2 0.572990 0.985893 0.066818 0.025699
1 0.383672 0.836836 0.061678 0.066818
2 0.956766 0.737467 0.063392 0.063392
1 0.813706 0.764022 0.065105 0.058252
1 0.546435 0.631242 0.075385 0.059965
