1 0.675786 0.024737 0.059965 0.046259
1 0.487326 0.190069 0.059965 0.051399
2 0.106118 0.356257 0.075385 0.065105
1 0.457342 0.105260 0.058252 0.056539
2 0.266311 0.286014 0.059965 0.058252
2 0.208916 0.339125 0.068532 0.065105
1 0.476189 0.423076 0.065105 0.068532
2 0.262884 0.084701 0.056539 0.056539
2 0.332273 0.205489 0.065105 0.058252
0 0.012797 0.095838 0.025593 0.054825
1 0.545578 0.142954 0.053112 0.059965
0 0.272306 0.599546 0.061678 0.058252
0 0.298007 0.011940 0.058252 0.023880
0 0.267167 0.163514 0.065105 0.056539
2 0.168654 0.267167 0.066818 0.065105
0 0.356259 0.345122 0.068532 0.056539
1 0.352832 0.136100 0.065105 0.053112
2 0.417936 0.169509 0.061678 0.058252
1 0.025647 0.541295 0.051293 0.065105
1 0.689494 0.205489 0.053112 0.061678
0 0.175506 0.174649 0.063392 0.065105
2 0.436782 0.355402 0.058252 0.066818
2 0.221766 0.428217 0.066818 0.068532
1 0.611540 0.018739 0.058252 0.030839
0 0.314282 0.436784 0.059965 0.061678
0 0.010174 0.622675 0.017133 0.046259
1 0.520733 0.291154 0.061678 0.061678
0 0.776014 0.118966 0.075385 0.066818
0 0.350262 0.052150 0.059965 0.059965
2 0.517308 0.359685 0.065105 0.058252
0 0.559284 0.227762 0.063392 0.065105
0 0.353689 0.274020 0.063392 0.061678
1 0.387097 0.424790 0.058252 0.068532
1 0.196923 0.110401 0.065105 0.059965
2 0.596975 0.330559 0.070245 0.065105
1 0.239754 0.029875 0.058252 0.053112
0 0.612396 0.176364 0.066818 0.058252
1 0.462482 0.029073 0.061678 0.058146
2 0.123250 0.118111 0.068532 0.058252
2 0.236329 0.226049 0.058252 0.054825
0 0.130959 0.047866 0.070245 0.061678
0 0.652657 0.112114 0.054825 0.066818
2 0.580700 0.077848 0.065105 0.059965
1 0.016223 0.758024 0.032447 0.059965
1 0.424791 0.262026 0.061678 0.061678
0 0.046152 0.214055 0.061678 0.061678
