0 0.841975 0.444493 0.063392 0.063392
1 0.615821 0.515595 0.063392 0.054825
0 0.364824 0.644947 0.061678 0.059965
0 0.687781 0.566137 0.066818 0.056539
2 0.648374 0.833409 0.059965 0.059965
1 0.894231 0.825700 0.061678 0.061678
0 0.589267 0.801713 0.058252 0.065105
0 0.777728 0.752885 0.068532 0.059965
1 0.913936 0.157516 0.063392 0.075385
2 0.547290 0.523304 0.070245 0.063392
1 0.637238 0.308287 0.058252 0.058252
1 0.909652 0.593549 0.054825 0.056539
0 0.769161 0.676644 0.054825 0.071958
1 0.434213 0.577273 0.063392 0.065105
2 0.891662 0.342552 0.066818 0.071958
0 0.776872 0.072709 0.080525 0.066818
1 0.871103 0.506172 0.059965 0.059965
0 0.416223 0.497605 0.071958 0.063392
2 0.935350 0.759739 0.061678 0.070245
0 0.713479 0.399947 0.073672 0.063392
2 0.686924 0.686067 0.071958 0.066818
0 0.554143 0.451345 0.063392 0.066818
0 0.796573 0.210630 0.071958 0.065105
2 0.518164 0.595261 0.053112 0.066818
2 0.679214 0.483898 0.059965 0.070245
2 0.755455 0.606400 0.068532 0.051399
2 0.588409 0.668076 0.066818 0.065105
1 0.953340 0.395663 0.053112 0.058252
1 0.433356 0.373392 0.068532 0.061678
2 0.505315 0.823986 0.058252 0.068532
1 0.851399 0.749458 0.054825 0.059965
1 0.804283 0.826556 0.066818 0.066818
2 0.838550 0.576416 0.063392 0.063392
2 0.946486 0.667220 0.063392 0.063392
1 0.703199 0.340838 0.053112 0.054825
0 0.716049 0.257744 0.071958 0.063392
0 0.802570 0.377674 0.063392 0.063392
0 0.798286 0.299719 0.058252 0.075385
0 0.943060 0.520733 0.056539 0.061678
2 0.627815 0.735753 0.056539 0.042832
1 0.749458 0.502744 0.063392 0.059965
1 0.846260 0.663794 0.061678 0.066818
1 0.469336 0.684354 0.068532 0.063392
1 0.602971 0.367394 0.061678 0.066818
