2 0.472762 0.878812 0.058252 0.061678
2 0.543006 0.597833 0.065105 0.054825
1 0.157517 0.630386 0.065105 0.058252
2 0.246608 0.457344 0.061678 0.061678
2 0.219196 0.807711 0.065105 0.059965
1 0.345977 0.946486 0.065105 0.059965
2 0.220053 0.599546 0.063392 0.058252
0 0.397378 0.391381 0.068532 0.059965
2 0.174649 0.536155 0.071958 0.054825
1 0.475333 0.811993 0.059965 0.061678
1 0.382815 0.782867 0.063392 0.065105
1 0.567850 0.527588 0.059965 0.061678
0 0.310000 0.798287 0.065105 0.054825
1 0.490753 0.513880 0.066818 0.065105
2 0.429929 0.461626 0.065105 0.056539
1 0.338269 0.508740 0.059965 0.058252
0 0.321137 0.868533 0.059965 0.058252
1 0.431642 0.945629 0.068532 0.061678
0 0.130961 0.698917 0.059965 0.071958
0 0.251747 0.376819 0.061678 0.068532
2 0.552429 0.851399 0.059965 0.054825
0 0.334841 0.424790 0.059965 0.065105
1 0.172937 0.421364 0.071958 0.071958
0 0.088985 0.569564 0.054825 0.059965
0 0.248322 0.523304 0.061678 0.056539
0 0.474476 0.589265 0.058252 0.071958
2 0.258601 0.875385 0.065105 0.061678
0 0.307430 0.570419 0.056539 0.058252
2 0.190925 0.747744 0.059965 0.059965
1 0.502744 0.659510 0.063392 0.065105
2 0.127535 0.785438 0.066818 0.063392
2 0.162657 0.865107 0.058252 0.068532
0 0.515594 0.746890 0.068532 0.061678
1 0.446206 0.715193 0.053112 0.066818
2 0.074422 0.641520 0.073672 0.073672
2 0.292009 0.723759 0.059965 0.063392
0 0.268881 0.958480 0.058252 0.063392
0 0.608113 0.634668 0.051399 0.056539
1 0.134388 0.489039 0.063392 0.063392
0 0.380246 0.694634 0.051399 0.059965
1 0.309143 0.657797 0.059965 0.061678
0 0.572134 0.702343 0.065105 0.061678
2 0.393094 0.872815 0.063392 0.056539
1 0.578128 0.780297 0.053112 0.063392
0 0.225192 0.686923 0.059965 0.061678
1 0.407656 0.548147 0.061678 0.065105
1 0.417936 0.626958 0.058252 0.061678
