0 0.537011 0.802570 0.063392 0.059965
1 0.678529 0.474133 0.070245 0.061678
2 0.817305 0.697716 0.063392 0.063392
0 0.600403 0.271449 0.059965 0.059965
1 0.609141 0.792804 0.054825 0.065105
1 0.683669 0.391895 0.059965 0.065105
1 0.460940 0.397034 0.059965 0.061678
2 0.464366 0.593175 0.070245 0.053176
0 0.266310 0.583270 0.066818 0.066818
2 0.558598 0.574360 0.070245 0.059965
1 0.743634 0.660881 0.059965 0.065105
1 0.756484 0.361056 0.058252 0.058252
1 0.696517 0.792804 0.058252 0.068532
2 0.486640 0.655741 0.063392 0.061678
1 0.400975 0.336212 0.063392 0.063392
1 0.769333 0.507542 0.053112 0.066818
0 0.518165 0.368251 0.059965 0.065105
0 0.218338 0.461625 0.073672 0.063392
0 0.663793 0.238821 0.056539 0.056490
0 0.357114 0.417079 0.066818 0.059965
0 0.573846 0.417936 0.058252 0.061678
0 0.401660 0.538725 0.066818 0.059965
2 0.143981 0.788520 0.066818 0.059965
2 0.389838 0.633470 0.065105 0.061678
2 0.431814 0.708853 0.063392 0.065105
1 0.442095 0.273677 0.073672 0.058252
2 0.445521 0.795374 0.066818 0.066818
0 0.837693 0.543863 0.061678 0.063392
0 0.574702 0.642377 0.063392 0.054825
2 0.329017 0.726844 0.063392 0.066818
2 0.344437 0.487838 0.070245 0.054825
0 0.494178 0.529302 0.066818 0.061678
2 0.807882 0.446721 0.065105 0.061678
1 0.892689 0.391038 0.059965 0.059965
0 0.083846 0.828270 0.061678 0.063392
1 0.711081 0.558941 0.056539 0.063392
1 0.057462 0.466424 0.068532 0.059965
1 0.646832 0.628329 0.061678 0.061678
0 0.983951 0.486469 0.032097 0.058252
2 0.484927 0.450147 0.059965 0.054825
2 0.638266 0.535812 0.061678 0.058252
1 0.421534 0.478415 0.066818 0.056539
1 0.220224 0.689150 0.068532 0.066818
2 0.033474 0.653172 0.058252 0.063392
1 0.578301 0.504972 0.065105 0.061678
2 0.148265 0.621476 0.068532 0.061678
2 0.663109 0.720847 0.066818 0.058252
0 0.491609 0.966189 0.068532 0.058252
0 0.518336 0.227419 0.061678 0.065105
1 0.017594 0.815935 0.035188 0.056539
1 0.092584 0.702858 0.059965 0.056539
0 0.582261 0.715398 0.066818 0.053872
0 0.876242 0.482185 0.063392 0.059965
0 0.783725 0.596975 0.056539 0.063392
2 0.695699 0.307943 0.060044 0.065105
0 0.212341 0.976471 0.065105 0.044546
2 0.814734 0.275390 0.068532 0.068532
1 0.604857 0.356773 0.070245 0.066818
1 0.915820 0.571791 0.068532 0.068532
1 0.827586 0.379045 0.056539 0.063392
2 0.737638 0.727699 0.065105 0.061678
