2 0.843689 0.859967 0.059965 0.058252
1 0.595262 0.823130 0.063392 0.059965
0 0.753742 0.823129 0.061678 0.063392
0 0.067570 0.935350 0.070245 0.058252
2 0.961908 0.829984 0.056539 0.066818
1 0.911365 0.909652 0.065105 0.058252
0 0.507886 0.968760 0.059965 0.056539
1 0.554142 0.886521 0.066818 0.063392
1 0.760596 0.907938 0.068532 0.065105
0 0.812850 0.789721 0.056539 0.071958
1 0.977955 0.925927 0.044091 0.059965
1 0.835124 0.941348 0.053112 0.059965
2 0.958480 0.980754 0.077098 0.032553
0 0.724617 0.967046 0.058252 0.056539
1 0.612395 0.946487 0.056539 0.056539
0 0.667221 0.917362 0.049685 0.053112
0 0.664652 0.779442 0.061678 0.065105
