0 0.676645 0.196923 0.065105 0.065105
1 0.746890 0.181298 0.061678 0.063734
2 0.719134 0.016120 0.051399 0.032240
2 0.487839 0.187465 0.074014 0.063734
0 0.884808 0.149808 0.063392 0.066818
2 0.624561 0.274844 0.063734 0.061678
1 0.798286 0.344745 0.057567 0.061678
2 0.656426 0.127843 0.061678 0.059623
0 0.500176 0.098029 0.061678 0.069902
1 0.713994 0.341661 0.061678 0.063734
0 0.935351 0.098407 0.054825 0.063392
2 0.835295 0.284610 0.057567 0.066817
0 0.973899 0.034159 0.049685 0.061678
1 0.870246 0.059995 0.065790 0.059623
1 0.841463 0.213165 0.065790 0.061678
0 0.635525 0.357970 0.068532 0.068532
2 0.441580 0.038408 0.063734 0.061678
1 0.808568 0.115506 0.061678 0.067846
2 0.528958 0.260452 0.065790 0.057567
0 0.593721 0.085696 0.067846 0.061678
1 0.786979 0.027428 0.055511 0.054856
0 0.744834 0.094948 0.057567 0.055511
0 0.684355 0.269736 0.059965 0.056539
1 0.682126 0.061023 0.063734 0.065790
2 0.588581 0.014064 0.061678 0.028128
2 0.761280 0.274844 0.057567 0.061678
1 0.945287 0.180270 0.059623 0.061678
2 0.555686 0.144291 0.053455 0.051399
2 0.585496 0.206996 0.063734 0.061678
1 0.522789 0.030185 0.065790 0.057567
2 0.907253 0.010980 0.053455 0.021960
2 0.917931 0.253318 0.059965 0.061393
