1 0.829127 0.676645 0.061678 0.065105
0 0.168654 0.559283 0.066818 0.066818
0 0.190925 0.788008 0.063392 0.068532
1 0.675788 0.651802 0.063392 0.056539
2 0.287726 0.826557 0.071958 0.059965
0 0.787151 0.972185 0.066818 0.053112
2 0.888235 0.713480 0.063392 0.056539
1 0.032446 0.792291 0.051399 0.059965
0 0.744318 0.710054 0.070245 0.073672
1 0.306572 0.641521 0.068532 0.066818
2 0.740034 0.626959 0.065105 0.054825
2 0.685211 0.883095 0.065105 0.056539
0 0.826556 0.590123 0.066818 0.059965
0 0.853114 0.442779 0.065105 0.063392
1 0.714336 0.574703 0.065105 0.053112
0 0.471050 0.635526 0.068532 0.065105
1 0.136100 0.973043 0.056539 0.047972
2 0.983094 0.903654 0.033811 0.059965
1 0.933638 0.646662 0.068532 0.066818
2 0.071852 0.965334 0.065105 0.063392
0 0.183215 0.692064 0.065105 0.061678
0 0.105261 0.889092 0.070245 0.061678
1 0.905369 0.800002 0.070245 0.065105
1 0.982239 0.828270 0.035522 0.066818
2 0.594405 0.662081 0.065105 0.059965
1 0.694633 0.446207 0.070245 0.063392
1 0.936208 0.565279 0.070245 0.061678
1 0.654372 0.508742 0.065105 0.061678
0 0.771731 0.542151 0.059965 0.066818
0 0.919932 0.409370 0.075385 0.058252
1 0.864249 0.962764 0.056539 0.065105
2 0.740892 0.829127 0.063392 0.047972
1 0.859109 0.531013 0.070245 0.058252
1 0.471905 0.862537 0.063392 0.063392
0 0.821416 0.817134 0.059965 0.058252
0 0.839407 0.889949 0.065105 0.059965
2 0.578130 0.900228 0.063392 0.070245
0 0.196066 0.858253 0.063392 0.061678
1 0.962764 0.733183 0.065105 0.058252
0 0.105261 0.740892 0.070245 0.063392
0 0.766592 0.401660 0.063392 0.070245
0 0.608112 0.590123 0.065105 0.066818
0 0.234614 0.931068 0.068532 0.059965
2 0.639809 0.803427 0.073672 0.058252
2 0.395665 0.962764 0.061678 0.061678
2 0.402517 0.798288 0.068532 0.061678
2 0.949913 0.481329 0.063392 0.054825
1 0.259458 0.980753 0.066818 0.035979
2 0.698059 0.965333 0.063392 0.056539
1 0.948201 0.964476 0.070245 0.058252
1 0.094124 0.822273 0.058252 0.058252
2 0.710910 0.770017 0.058252 0.059965
0 0.516451 0.757168 0.063392 0.071958
0 0.650945 0.710910 0.061678 0.058252
0 0.333985 0.985036 0.058252 0.027413
1 0.346834 0.881383 0.063392 0.059965
2 0.918218 0.896802 0.054825 0.059965
2 0.806854 0.749459 0.065105 0.053112
