0 0.244039 0.428216 0.049685 0.061678
0 0.024790 0.127534 0.049579 0.073672
2 0.321137 0.437641 0.059965 0.063392
2 0.172079 0.020454 0.059965 0.037692
1 0.343408 0.186644 0.056539 0.058252
2 0.277448 0.166084 0.054825 0.061678
1 0.493323 0.094125 0.071958 0.068532
2 0.477044 0.411941 0.056539 0.059965
1 0.367395 0.274020 0.053112 0.061678
0 0.154091 0.247464 0.058252 0.066818
0 0.060715 0.256031 0.066818 0.063392
0 0.495891 0.257745 0.053112 0.059965
2 0.217482 0.292011 0.061678 0.063392
1 0.414511 0.072709 0.061678 0.066818
1 0.330558 0.108687 0.054825 0.063392
2 0.091555 0.426504 0.063392 0.065105
1 0.232901 0.218339 0.058252 0.063392
2 0.142954 0.163514 0.063392 0.073672
0 0.443636 0.309143 0.061678 0.059965
2 0.397377 0.440209 0.058252 0.061678
0 0.231187 0.129247 0.061678 0.056539
2 0.470192 0.161800 0.059965 0.056539
1 0.080419 0.191782 0.054825 0.058252
2 0.106973 0.099265 0.063392 0.054825
0 0.538724 0.196067 0.063392 0.056539
1 0.502744 0.339982 0.059965 0.063392
2 0.144668 0.366538 0.056539 0.054825
2 0.116398 0.308287 0.068532 0.054825
2 0.354544 0.023879 0.058252 0.041119
2 0.049579 0.348548 0.061678 0.066818
2 0.182359 0.436783 0.063392 0.068532
0 0.394807 0.145524 0.056539 0.065105
1 0.059858 0.050436 0.068532 0.066818
0 0.196923 0.519878 0.058252 0.070245
1 0.263740 0.067568 0.061678 0.063392
1 0.402517 0.373391 0.065105 0.051399
1 0.310857 0.342552 0.059965 0.065105
0 0.306573 0.254318 0.054825 0.056539
0 0.237186 0.357114 0.056539 0.066818
1 0.357115 0.502744 0.053112 0.066818
0 0.178076 0.082987 0.051399 0.056539
1 0.272306 0.501031 0.061678 0.056539
1 0.429073 0.220909 0.059965 0.065105
