0 0.422498 0.363408 0.060662 0.058415
0 0.332141 0.180114 0.059913 0.071146
2 0.482860 0.184795 0.054296 0.054296
1 0.583964 0.309300 0.058040 0.059913
1 0.060662 0.339257 0.067402 0.059913
2 0.329333 0.304620 0.061785 0.065530
0 0.360946 0.021034 0.057950 0.042067
2 0.186104 0.140796 0.074891 0.067402
0 0.242273 0.188538 0.063657 0.058040
0 0.379590 0.454195 0.061102 0.065120
1 0.602685 0.017226 0.065530 0.033701
2 0.302186 0.247516 0.063657 0.059913
1 0.301250 0.046246 0.069274 0.058040
0 0.110277 0.232536 0.065530 0.071146
1 0.554006 0.209133 0.061785 0.065530
0 0.622456 0.244333 0.056168 0.062908
0 0.678625 0.194904 0.060662 0.058415
0 0.413510 0.066840 0.069649 0.062908
1 0.674768 0.031080 0.063657 0.062160
2 0.400479 0.222239 0.061785 0.058040
1 0.608303 0.155774 0.058040 0.056168
1 0.455712 0.438487 0.059913 0.071146
0 0.196401 0.066840 0.069274 0.061785
0 0.843779 0.131996 0.067365 0.067402
2 0.582089 0.375766 0.061785 0.058040
2 0.328396 0.101478 0.063657 0.052424
2 0.173935 0.374829 0.061785 0.067402
2 0.647620 0.094925 0.069274 0.061785
1 0.752467 0.218494 0.061785 0.058040
1 0.261932 0.129561 0.061785 0.059913
1 0.538092 0.440360 0.056168 0.056168
2 0.272229 0.357980 0.067402 0.071146
0 0.415758 0.289267 0.056168 0.062908
1 0.070024 0.772688 0.059913 0.061785
0 0.715696 0.128625 0.058415 0.056168
0 0.330382 0.614817 0.074142 0.067402
2 0.658854 0.348618 0.058040 0.052424
1 0.085937 0.560185 0.076763 0.067402
1 0.528730 0.041566 0.071146 0.063657
2 0.508135 0.366405 0.063657 0.061785
1 0.740297 0.040630 0.063657 0.061785
0 0.050664 0.638408 0.062908 0.065155
1 0.422011 0.152964 0.067402 0.065530
2 0.233846 0.284025 0.069274 0.065530
1 0.489413 0.273726 0.059913 0.059913
1 0.525923 0.123009 0.061785 0.061785
1 0.451968 0.018162 0.059913 0.035573
2 0.285334 0.445041 0.052424 0.065530
0 0.062534 0.108968 0.063657 0.071146
