0 0.739179 0.928497 0.073672 0.061678
0 0.734895 0.853970 0.068532 0.073672
0 0.722902 0.761451 0.065105 0.063392
1 0.363969 0.931067 0.063392 0.070245
2 0.945629 0.866820 0.061678 0.071958
2 0.827414 0.895944 0.061678 0.065105
1 0.848830 0.711767 0.059965 0.073672
0 0.711766 0.628672 0.066818 0.075385
1 0.574703 0.861680 0.056539 0.061678
0 0.647519 0.958479 0.068532 0.066818
1 0.535297 0.924215 0.066818 0.070245
0 0.650087 0.810281 0.066818 0.068532
1 0.638095 0.891662 0.053112 0.063392
1 0.890816 0.951627 0.058272 0.066818
