1 0.937063 0.333985 0.061678 0.054825
1 0.855682 0.333986 0.066818 0.068532
1 0.889948 0.167795 0.053112 0.058252
2 0.672360 0.254317 0.049685 0.066818
2 0.764878 0.265453 0.063392 0.068532
2 0.701486 0.134387 0.063392 0.049685
0 0.817991 0.186643 0.059965 0.061678
0 0.642379 0.082131 0.061678 0.051399
1 0.819702 0.050436 0.059965 0.063392
2 0.976242 0.270595 0.047516 0.061678
2 0.584983 0.030734 0.070245 0.058252
0 0.823988 0.256888 0.051399 0.061678
1 0.662081 0.025647 0.059965 0.051293
2 0.803427 0.119825 0.065105 0.051399
2 0.906225 0.265454 0.054825 0.058252
0 0.884809 0.082131 0.053112 0.054825
1 0.927641 0.022220 0.059965 0.044440
1 0.975385 0.201205 0.049230 0.056539
1 0.955053 0.105260 0.059965 0.059965
0 0.780298 0.348548 0.070245 0.066818
0 0.734896 0.073565 0.065105 0.054825
2 0.632098 0.175507 0.068532 0.059965
2 0.730613 0.190926 0.056539 0.056539
