2 0.847261 0.750548 0.064146 0.074014
2 0.779414 0.625958 0.061678 0.056744
2 0.781881 0.830731 0.066613 0.051810
0 0.866996 0.595117 0.069080 0.064146
0 0.829990 0.975057 0.059211 0.049343
1 0.182366 0.976291 0.066613 0.041941
2 0.438948 0.962723 0.061678 0.054277
0 0.811486 0.542074 0.066613 0.061678
0 0.374803 0.986295 0.051810 0.027409
1 0.901538 0.961489 0.054277 0.056744
2 0.957048 0.893643 0.061678 0.059211
1 0.751041 0.574148 0.069080 0.056744
0 0.144126 0.746847 0.059211 0.061678
2 0.757209 0.766585 0.071547 0.061678
0 0.890435 0.444623 0.066613 0.074014
0 0.873164 0.888708 0.066613 0.059211
1 0.943478 0.802358 0.064146 0.064146
1 0.897837 0.526038 0.066613 0.054277
1 0.972973 0.645696 0.054054 0.056744
2 0.620283 0.907212 0.064146 0.066613
1 0.347666 0.638294 0.071547 0.061678
2 0.114520 0.962723 0.064146 0.064146
0 0.866996 0.818395 0.069080 0.056744
1 0.690596 0.511236 0.076481 0.059211
0 0.785582 0.707374 0.059211 0.066613
1 0.874398 0.676534 0.074014 0.059211
0 0.209505 0.558111 0.081416 0.074014
0 0.959515 0.418717 0.066613 0.071547
1 0.511729 0.865270 0.069080 0.066613
1 0.071345 0.791255 0.066613 0.061678
1 0.707867 0.653095 0.066613 0.051810
1 0.134257 0.823329 0.059211 0.071547
0 0.221839 0.693804 0.066613 0.064146
0 0.559838 0.755483 0.066613 0.064146
2 0.329161 0.827030 0.069080 0.069080
0 0.146593 0.887475 0.069080 0.056744
0 0.647422 0.596353 0.064146 0.076481
0 0.509262 0.638294 0.064146 0.071547
2 0.638787 0.665431 0.071547 0.061678
1 0.300788 0.980127 0.066613 0.039746
2 0.437715 0.794956 0.078948 0.059211
2 0.976674 0.479162 0.046652 0.059211
1 0.735006 0.447091 0.071547 0.064146
1 0.974207 0.564279 0.051586 0.071547
0 0.806551 0.400216 0.066613 0.069080
0 0.690596 0.716009 0.066613 0.059211
0 0.234175 0.860335 0.066613 0.066613
2 0.932375 0.706183 0.061678 0.054193
2 0.728838 0.882540 0.069080 0.056744
1 0.977908 0.961489 0.044185 0.056744
1 0.388372 0.878839 0.069080 0.059211
2 0.741174 0.966424 0.078948 0.066613
0 0.273651 0.930649 0.066613 0.054277
0 0.226774 0.783856 0.061678 0.071547
1 0.033103 0.856634 0.064146 0.064146
2 0.686895 0.806058 0.074014 0.066613
