0 0.264598 0.770874 0.070245 0.065105
1 0.776871 0.527588 0.066818 0.061678
0 0.919931 0.967046 0.061678 0.059965
2 0.887379 0.824843 0.058252 0.063392
1 0.177219 0.901941 0.056539 0.056539
0 0.274019 0.862535 0.065105 0.059965
2 0.675787 0.743462 0.073672 0.065105
0 0.688638 0.668935 0.068532 0.053112
2 0.821416 0.908795 0.063392 0.063392
0 0.825700 0.783724 0.065105 0.066818
1 0.388812 0.714335 0.068532 0.075385
0 0.847973 0.618392 0.061678 0.061678
0 0.601259 0.833410 0.065105 0.056539
0 0.554144 0.716907 0.070245 0.063392
0 0.189214 0.819703 0.063392 0.056539
2 0.485612 0.874528 0.059965 0.063392
1 0.800000 0.649231 0.061678 0.058252
1 0.116396 0.866818 0.061678 0.068532
0 0.272308 0.936206 0.068532 0.063392
0 0.184929 0.962762 0.068532 0.054825
0 0.735752 0.790578 0.066818 0.053112
1 0.429074 0.957572 0.066818 0.061779
2 0.791434 0.845403 0.061678 0.056539
1 0.554999 0.942204 0.068532 0.061678
1 0.974528 0.880525 0.050943 0.068532
1 0.758026 0.729755 0.066818 0.061678
0 0.931924 0.520733 0.065105 0.061678
2 0.770017 0.960194 0.063392 0.056539
2 0.972185 0.785437 0.053112 0.070245
1 0.911365 0.754599 0.061678 0.063392
0 0.315139 0.988462 0.061678 0.020559
0 0.907081 0.893376 0.059965 0.063392
0 0.250034 0.634669 0.068532 0.066818
0 0.982239 0.486468 0.035522 0.068532
2 0.665508 0.973042 0.070245 0.051399
2 0.983322 0.972185 0.030839 0.053112
1 0.940490 0.602972 0.065105 0.071958
0 0.905368 0.673218 0.056539 0.058252
2 0.728043 0.887379 0.065105 0.058252
1 0.070138 0.935351 0.065105 0.068532
2 0.820561 0.702342 0.065105 0.051399
2 0.367394 0.904511 0.066818 0.058252
0 0.848830 0.477044 0.059965 0.056539
1 0.738323 0.586696 0.065105 0.056539
