2 0.847116 0.049579 0.066818 0.061678
0 0.711765 0.027306 0.070245 0.044546
2 0.887379 0.326275 0.058252 0.066818
2 0.852257 0.258601 0.066818 0.065105
0 0.935350 0.249178 0.058252 0.063392
0 0.934493 0.025647 0.059965 0.051293
2 0.818846 0.201206 0.054825 0.053112
2 0.919930 0.178077 0.051399 0.061678
2 0.788864 0.310856 0.056539 0.070245
0 0.948200 0.318566 0.059965 0.058252
2 0.706627 0.098409 0.066818 0.070245
2 0.977955 0.056433 0.044091 0.051399
1 0.971959 0.397378 0.056082 0.065105
1 0.784582 0.082987 0.058252 0.056539
0 0.761451 0.148093 0.063392 0.059965
0 0.893374 0.411084 0.059965 0.058252
0 0.849685 0.138670 0.054825 0.061678
2 0.752028 0.242325 0.068532 0.066818
1 0.937920 0.108687 0.059965 0.063392
