     0/149        0G      1.91      54.8      23.8      80.5        46       416         0         0         0         0       nan       nan       nan
     1/149        0G      1.78      43.3      20.5      65.7        41       416   0.00228      0.53   0.00141   0.00454      1.87      35.7      17.2
     2/149        0G      1.76      33.6        18      53.4        96       416   0.00212     0.502    0.0019   0.00423      1.86      28.9      13.4
     3/149        0G      1.75      28.1      14.3      44.1        73       416   0.00273     0.552    0.0144   0.00543      1.76      23.4      10.7
     4/149        0G      1.74      22.5      11.8      36.1        76       416   0.00394     0.554    0.0784   0.00781      1.71      18.8      8.64
     5/149        0G      1.75      17.6      8.63        28        30       416    0.0392     0.617     0.106    0.0737      1.71      13.7      5.53
     6/149        0G      1.74      13.2       6.2      21.1        33       416     0.149     0.692     0.233     0.245      1.71      9.98       3.8
     7/149        0G      1.73       9.7         4      15.4        99       416     0.259     0.515     0.293     0.326      1.71       7.1      2.04
     8/149        0G       1.7      7.12      2.59      11.4        68       416     0.345     0.739     0.546      0.47      1.69      4.92      1.65
     9/149        0G      1.69      5.27      2.15      9.11        65       416     0.349     0.713     0.594     0.466       1.7      3.46     0.837
    10/149        0G       1.7      3.76      1.62      7.08        39       416     0.415     0.746     0.666     0.532      1.68      2.38     0.608
    11/149        0G      1.71      2.59      1.54      5.83        82       416     0.424     0.786      0.69      0.55      1.67      1.59     0.538
    12/149        0G      1.66      2.15      1.41      5.23        53       416     0.484     0.805     0.719     0.604      1.66      1.22     0.332
    13/149        0G      1.63      2.02     0.841      4.49        61       416     0.529     0.831     0.765     0.646       1.6      1.02     0.206
    14/149        0G      1.57      1.71     0.727      4.01        76       416     0.529     0.864     0.801     0.656      1.54     0.907     0.112
    15/149        0G      1.52      1.67     0.407      3.59        19       416     0.538     0.858     0.791     0.659      1.52     0.839    0.0774
    16/149        0G      1.44      1.71     0.487      3.64        77       416     0.602     0.933     0.868     0.728      1.41      0.79    0.0738
    17/149        0G      1.38      1.67     0.593      3.65        93       416     0.637     0.935      0.88     0.754       1.3     0.781    0.0512
    18/149        0G      1.26      1.47     0.532      3.27        44       416     0.701     0.973     0.938     0.814       1.2     0.797    0.0384
    19/149        0G      1.16      1.43     0.474      3.06        41       416     0.842     0.982     0.961     0.906      1.02     0.751    0.0208
    20/149        0G      1.07      1.58     0.493      3.14        66       416     0.833      0.99     0.967     0.905     0.935     0.695    0.0229
    21/149        0G      1.01      1.25     0.549      2.81       102       416     0.833      0.99     0.968     0.905      0.93     0.753    0.0258
    22/149        0G         1      1.47     0.338      2.81        72       416     0.849      0.99     0.966     0.913      0.81     0.718    0.0461
    23/149        0G     0.996      1.37     0.524      2.89       103       416     0.876      0.99     0.969     0.927     0.845     0.679    0.0581
    24/149        0G     0.971      1.27     0.346      2.59        37       416     0.874      0.99      0.97     0.927     0.787     0.661    0.0556
    25/149        0G     0.886      1.48     0.303      2.67       115       416      0.86      0.99     0.968      0.92     0.817     0.645    0.0765
    26/149        0G     0.933      1.35      0.42      2.71        45       416     0.842      0.99     0.966     0.909      0.76     0.658    0.0412
    27/149        0G     0.875      1.37     0.232      2.48        28       416     0.886      0.99     0.967     0.934     0.741     0.631    0.0312
    28/149        0G     0.871      1.24      0.32      2.43        49       416      0.86      0.99     0.965      0.92     0.758     0.604    0.0241
    29/149        0G     0.849      1.29     0.376      2.51        32       416     0.855      0.99     0.965     0.918     0.745     0.621    0.0206
    30/149        0G     0.832      1.39     0.323      2.55        83       416     0.882      0.99     0.968     0.932      0.74     0.598    0.0147
    31/149        0G     0.832      1.29     0.389      2.51        63       416     0.907      0.99     0.969     0.946     0.746     0.594    0.0139
    32/149        0G     0.819      1.29     0.574      2.68        46       416     0.907      0.99     0.969     0.946     0.679     0.599    0.0164
    33/149        0G     0.806      1.36     0.551      2.71        67       416      0.86      0.99     0.969      0.92     0.696     0.594    0.0331
    34/149        0G     0.821       1.3     0.271      2.39        39       416     0.875      0.99     0.968     0.928     0.714     0.617    0.0694
    35/149        0G     0.795      1.23     0.305      2.33        82       416     0.877      0.99     0.966      0.93     0.703     0.602    0.0252
    36/149        0G     0.818      1.22     0.492      2.53        64       416      0.86      0.99     0.965      0.92     0.719     0.654     0.017
    37/149        0G      0.78      1.28     0.341       2.4        66       416     0.856      0.99     0.962     0.917     0.741     0.623    0.0193
    38/149        0G     0.806      1.04     0.386      2.23        54       416     0.856      0.99     0.963     0.917     0.674     0.586    0.0157
    39/149        0G     0.779      1.34     0.296      2.42        73       416     0.858      0.99     0.964     0.919     0.745     0.562    0.0203
    40/149        0G     0.747       1.4     0.455       2.6        71       416     0.852      0.99     0.965     0.915     0.677     0.593    0.0298
    41/149        0G     0.808      1.24     0.381      2.43        69       416     0.857      0.99     0.964     0.919     0.683     0.606    0.0231
    42/149        0G     0.813      1.18     0.324      2.32        59       416     0.837      0.99     0.964     0.907     0.723     0.574    0.0226
    43/149        0G     0.727      1.13     0.222      2.08        63       416      0.83      0.99     0.967     0.903      0.68     0.553    0.0187
    44/149        0G      0.77      1.21     0.508      2.48        85       416     0.848      0.99     0.967     0.914     0.679     0.527    0.0157
    45/149        0G     0.774      1.25     0.239      2.27        92       416     0.839      0.99     0.964     0.908     0.684     0.575    0.0152
    46/149        0G     0.822       1.1     0.456      2.38        27       416      0.83      0.99     0.964     0.903      0.67     0.617    0.0173
    47/149        0G     0.763      1.43     0.504      2.69        91       416     0.831      0.99     0.961     0.904       0.7     0.617    0.0679
    48/149        0G     0.776      1.12     0.241      2.14        87       416     0.825      0.99     0.965       0.9     0.679     0.581    0.0698
    49/149        0G     0.807      1.15     0.427      2.38        43       416     0.852      0.99     0.963     0.915      0.71     0.585    0.0273
    50/149        0G     0.725      1.59     0.353      2.67       110       416     0.852      0.99     0.961     0.915     0.638     0.586    0.0488
    51/149        0G      0.75      1.33     0.243      2.32        60       416     0.845      0.99     0.965     0.911     0.729     0.628    0.0266
    52/149        0G     0.771      1.34     0.302      2.41        79       416     0.863      0.99     0.965     0.922     0.667     0.582    0.0152
    53/149        0G     0.802      1.28     0.392      2.47        63       416     0.863      0.99     0.964     0.922     0.735     0.668   0.00662
    54/149        0G     0.749      1.15      0.25      2.15        82       416     0.854      0.99     0.958     0.917     0.652     0.653   0.00758
    55/149        0G     0.737      1.34     0.446      2.52        75       416     0.843      0.99     0.953     0.911      0.65     0.621    0.0131
    56/149        0G     0.784      1.13     0.668      2.58        39       416     0.843      0.99     0.956     0.911      0.75     0.607    0.0139
    57/149        0G     0.758      1.29     0.316      2.37        64       416     0.848      0.99      0.96     0.914     0.667     0.589    0.0195
    58/149        0G     0.758      1.31     0.293      2.36        49       416     0.844      0.99     0.964     0.911     0.649     0.577    0.0266
    59/149        0G     0.761      1.34     0.478      2.58        89       416     0.823      0.99     0.964     0.898     0.757      0.59     0.039
    60/149        0G     0.788      1.17     0.475      2.43        43       416     0.792      0.99     0.952     0.878     0.664     0.644    0.0359
    61/149        0G     0.737      1.08     0.274      2.09       111       416     0.805      0.99     0.948     0.887     0.669     0.654    0.0343
    62/149        0G     0.771     0.991     0.229      1.99       111       416     0.805      0.99     0.956     0.887     0.672     0.593    0.0358
    63/149        0G     0.748      1.18     0.411      2.34        90       416     0.835      0.99     0.957     0.905     0.651     0.558    0.0195
    64/149        0G     0.728      1.22      0.35       2.3        76       416     0.845      0.99     0.956     0.911     0.682     0.594    0.0217
    65/149        0G     0.728      1.26     0.183      2.17        97       416     0.835      0.99     0.954     0.905     0.658     0.711    0.0334
    66/149        0G     0.747      1.13     0.396      2.28        39       416     0.835      0.99     0.952     0.905     0.636     0.665    0.0223
    67/149        0G     0.716      1.36     0.197      2.27        49       416     0.835      0.99     0.951     0.905     0.676     0.615    0.0232
    68/149        0G     0.755      1.01     0.257      2.02        52       416     0.855      0.99     0.941     0.918     0.634     0.584    0.0102
    69/149        0G     0.768     0.989     0.142       1.9        76       416      0.85      0.99     0.941     0.914     0.652     0.578   0.00657
    70/149        0G     0.721      1.18     0.275      2.17       129       416     0.833      0.99     0.946     0.905     0.637     0.579   0.00955
    71/149        0G     0.731      1.31     0.176      2.22        92       416     0.845      0.99      0.95     0.911     0.642     0.611    0.0162
    72/149        0G      0.72      1.18     0.144      2.05        96       416     0.848      0.99     0.945     0.913     0.653     0.616    0.0178
    73/149        0G     0.707      1.28      0.31       2.3       103       416     0.841      0.99     0.943     0.909     0.618     0.574    0.0195
    74/149        0G     0.717     0.991     0.207      1.92        48       416     0.831      0.99     0.943     0.903     0.636     0.621    0.0101
    75/149        0G     0.765      1.25     0.566      2.58       106       416     0.845      0.99     0.947     0.911     0.619     0.543    0.0174
    76/149        0G     0.739      1.17     0.311      2.22        73       416     0.839      0.99     0.956     0.908     0.682     0.516    0.0307
    77/149        0G     0.722      1.18     0.237      2.14        61       416     0.816      0.99     0.956     0.894     0.642     0.569    0.0146
    78/149        0G     0.717      1.16     0.223       2.1        63       416     0.829      0.99     0.946     0.902     0.644     0.641    0.0169
    79/149        0G     0.678      1.31     0.168      2.15        63       416     0.825      0.99     0.939     0.899     0.625     0.653    0.0348
    80/149        0G     0.706      1.37     0.302      2.38       121       416     0.809      0.99      0.94     0.889     0.619     0.617    0.0305
    81/149        0G     0.689      1.15     0.262       2.1       100       416     0.829      0.99     0.935     0.902     0.657     0.614    0.0129
    82/149        0G     0.704      1.32     0.265      2.29        73       416     0.844      0.99     0.935     0.911     0.636     0.636    0.0107
    83/149        0G     0.714     0.904     0.269      1.89        46       416     0.839      0.99     0.948     0.908      0.65     0.684    0.0106
    84/149        0G     0.716      1.04     0.141       1.9       105       416     0.855      0.99     0.949     0.918     0.645     0.634    0.0182
    85/149        0G     0.718      1.22     0.235      2.17        59       416     0.835      0.99     0.948     0.905     0.647     0.629    0.0206
    86/149        0G     0.772      1.02     0.289      2.08        51       416     0.817      0.99     0.944     0.893      0.64     0.605    0.0554
    87/149        0G     0.748     0.986     0.277      2.01       109       416     0.825      0.99     0.939     0.899     0.647     0.659    0.0739
    88/149        0G     0.735      1.05     0.218         2        43       416     0.855      0.99     0.941     0.918     0.716     0.647    0.0125
    89/149        0G     0.758      1.09     0.464      2.31        39       416      0.85      0.99     0.951     0.914     0.636     0.586    0.0123
    90/149        0G      0.74      1.17     0.433      2.34       132       416     0.844      0.99     0.955     0.911     0.712     0.591    0.0472
    91/149        0G     0.795     0.978     0.274      2.05        50       416     0.861      0.99      0.95     0.921     0.705     0.679   0.00529
    92/149        0G     0.732      1.02     0.254         2        56       416     0.851      0.99     0.956     0.915      0.62     0.618    0.0305
    93/149        0G     0.761     0.859     0.365      1.98        64       416     0.841      0.99     0.956     0.909     0.637     0.582    0.0183
    94/149        0G     0.713      1.11     0.212      2.04        63       416     0.831      0.99     0.956     0.903     0.627     0.556    0.0137
    95/149        0G     0.729      1.23     0.198      2.16        81       416      0.82      0.99     0.952     0.896     0.632     0.574    0.0215
    96/149        0G     0.723     0.994     0.487       2.2        33       416     0.833      0.99     0.945     0.905     0.631     0.606    0.0174
    97/149        0G     0.693      1.11     0.168      1.97        73       416     0.833      0.99     0.945     0.905     0.729     0.642    0.0179
    98/149        0G     0.704      1.01     0.139      1.85        55       416     0.833      0.99     0.945     0.905     0.601     0.651    0.0154
    99/149        0G     0.701      1.22     0.311      2.23        50       416     0.845      0.99     0.944     0.911     0.601     0.629    0.0258
   100/149        0G     0.713      1.01      0.34      2.06        76       416     0.829      0.99      0.94     0.902     0.636     0.595    0.0202
   101/149        0G     0.734      1.06     0.335      2.13        46       416     0.823      0.99      0.93     0.898     0.596     0.598    0.0154
   102/149        0G     0.718     0.902     0.369      1.99        50       416     0.844      0.99     0.928     0.911     0.629     0.618    0.0293
   103/149        0G     0.713     0.761     0.325       1.8        81       416     0.803      0.99     0.941     0.886     0.645     0.643    0.0111
   104/149        0G     0.753      1.15     0.613      2.51        49       416     0.831      0.99     0.938     0.903     0.689     0.675    0.0354
   105/149        0G     0.701       1.1     0.348      2.15        89       416     0.831      0.99     0.938     0.903     0.655     0.639    0.0716
   106/149        0G     0.738      1.21     0.264      2.21        79       416     0.845      0.99     0.943     0.911     0.657       0.6    0.0223
   107/149        0G     0.731       1.1     0.248      2.08        59       416     0.839      0.99     0.939     0.908     0.668     0.607    0.0153
   108/149        0G      0.78     0.825     0.317      1.92        88       416     0.833      0.99     0.929     0.905     0.647     0.648    0.0165
   109/149        0G     0.713     0.995     0.292         2        54       416     0.826      0.99      0.94       0.9     0.656     0.632    0.0185
   110/149        0G     0.688      1.08     0.191      1.96        47       416     0.823      0.99     0.945     0.898     0.676     0.603    0.0349
   111/149        0G     0.652      1.04     0.169      1.86        65       416     0.829      0.99     0.939     0.902     0.637      0.57     0.042
   112/149        0G     0.703      1.28     0.347      2.33        56       416     0.835      0.99     0.944     0.905      0.63     0.566    0.0371
   113/149        0G     0.729     0.882     0.271      1.88        54       416     0.835      0.99     0.935     0.905      0.67     0.632    0.0145
   114/149        0G     0.712      1.17    0.0731      1.95        43       416     0.845      0.99     0.928     0.911      0.64     0.675    0.0108
   115/149        0G      0.73     0.969     0.156      1.86        60       416      0.83      0.99     0.936     0.903     0.632      0.72    0.0115
   116/149        0G     0.707     0.893     0.279      1.88        50       416     0.852      0.99     0.928     0.915     0.693     0.655    0.0101
   117/149        0G     0.708     0.998     0.159      1.86        41       416      0.86      0.99     0.916      0.92     0.599     0.662    0.0119
   118/149        0G     0.717      1.08      0.18      1.98        89       416     0.846      0.99     0.921     0.912     0.614     0.648     0.012
   119/149        0G     0.683     0.986     0.241      1.91        77       416     0.855      0.99     0.923     0.918      0.63     0.648    0.0112
   120/149        0G      0.67     0.871     0.127      1.67        53       416     0.861      0.99     0.919     0.921     0.596     0.686    0.0092
   121/149        0G      0.68      1.02     0.235      1.94        91       416     0.861      0.99     0.921     0.921     0.598     0.691   0.00896
   122/149        0G     0.647      1.04    0.0771      1.76        85       416     0.861      0.99      0.92     0.921     0.589     0.687    0.0106
   123/149        0G     0.669      1.14     0.378      2.19        69       416     0.861      0.99     0.925     0.921     0.584      0.68    0.0117
   124/149        0G     0.651      0.96     0.246      1.86        59       416     0.855      0.99     0.927     0.918      0.58     0.693   0.00639
   125/149        0G      0.65      1.05     0.181      1.88        78       416     0.855      0.99     0.922     0.918     0.584     0.684    0.0068
   126/149        0G     0.619     0.966     0.121      1.71        38       416     0.855      0.99     0.921     0.918     0.582     0.687   0.00622
   127/149        0G     0.638      1.11     0.233      1.98       129       416     0.855      0.99     0.917     0.918     0.582     0.666   0.00861
   128/149        0G     0.628      1.01     0.501      2.14        43       416     0.845      0.99     0.917     0.911     0.576     0.671   0.00673
   129/149        0G     0.622      0.96     0.178      1.76        54       416     0.845      0.99     0.914     0.911     0.571     0.675   0.00526
   130/149        0G      0.67     0.972     0.306      1.95        66       416     0.845      0.99     0.915     0.911     0.565     0.672   0.00407
   131/149        0G     0.644     0.805     0.315      1.76        30       416     0.845      0.99     0.915     0.911     0.562     0.668    0.0033
   132/149        0G     0.629     0.964     0.167      1.76        28       416     0.845      0.99     0.914     0.911     0.561     0.654   0.00374
   133/149        0G     0.678     0.809     0.151      1.64        26       416     0.845      0.99     0.916     0.911     0.567      0.65   0.00431
   134/149        0G     0.619     0.969    0.0838      1.67        58       416     0.855      0.99     0.915     0.918     0.567      0.64   0.00467
   135/149        0G      0.67     0.942     0.169      1.78         3       416     0.855      0.99     0.918     0.918     0.569     0.643   0.00394
   136/149        0G     0.628     0.822     0.161      1.61        97       416     0.855      0.99     0.918     0.918      0.57     0.631   0.00514
   137/149        0G     0.621     0.927     0.175      1.72        43       416     0.855      0.99     0.918     0.918     0.572     0.637   0.00546
   138/149        0G     0.631      1.08     0.416      2.13        55       416     0.855      0.99     0.918     0.918     0.574      0.63   0.00722
   139/149        0G     0.628     0.917     0.107      1.65        24       416     0.855      0.99     0.918     0.918     0.573     0.628   0.00665
   140/149        0G     0.676     0.865     0.126      1.67        22       416     0.855      0.99     0.918     0.918     0.571     0.639   0.00388
   141/149        0G     0.633     0.954     0.307      1.89        96       416     0.855      0.99     0.918     0.918     0.573     0.639   0.00553
   142/149        0G     0.629     0.889     0.179       1.7        27       416     0.855      0.99     0.918     0.918     0.569     0.641   0.00379
   143/149        0G     0.632     0.827     0.395      1.85        28       416     0.855      0.99     0.919     0.918     0.571     0.646   0.00321
   144/149        0G     0.632     0.925     0.193      1.75        69       416     0.855      0.99     0.917     0.918     0.569      0.64   0.00405
   145/149        0G     0.601     0.843     0.106      1.55        52       416     0.855      0.99     0.919     0.918     0.568     0.645   0.00409
   146/149        0G     0.631      1.05     0.197      1.88        79       416     0.855      0.99     0.917     0.918     0.567     0.641   0.00478
   147/149        0G     0.634     0.748     0.313      1.69        24       416     0.855      0.99     0.917     0.918     0.567     0.652   0.00302
   148/149        0G     0.617     0.912     0.193      1.72        59       416     0.855      0.99     0.919     0.918     0.566     0.649   0.00439
   149/149        0G     0.635     0.849     0.309      1.79        35       416     0.367      0.99     0.918     0.531     0.566     0.652   0.00392
